[zlljet_ud]
{1 JetEta 1 JetPt [0]+[1]*log10(0.01*x)+[2]*pow(log10(0.01*x),2)+[3]*pow(log10(0.01*x),3) Correction L5Flavor}
  -5.2  -3.2  6 30  163      0.40218     0.48257    0.026436    -0.74573 
  -3.2  -3.0  6 30  199      0.43802     0.43801     0.08056    -0.70376 
  -3.0  -2.5  6 30  326      0.45539     0.25898   -0.075919    -0.10455 
  -2.5  -1.9  6 30  585      0.47191     0.26183     -0.1123    -0.10056 
  -1.9  -1.3  6 30 1015      0.48628     0.23883    -0.24165   0.0027748 
  -1.3  -0.0  6 30 2000      0.48511     0.16983    -0.29035     0.13859 
   0.0   1.3  6 30 2000      0.48511     0.16983    -0.29035     0.13859 
   1.3   1.9  6 30 1015      0.48628     0.23883    -0.24165   0.0027748 
   1.9   2.5  6 30  585      0.47191     0.26183     -0.1123    -0.10056 
   2.5   3.0  6 30  326      0.45539     0.25898   -0.075919    -0.10455 
   3.0   3.2  6 30  199      0.43802     0.43801     0.08056    -0.70376 
   3.2   5.2  6 30  163      0.40218     0.48257    0.026436    -0.74573 
[zlljet_s]
{1 JetEta 1 JetPt [0]+[1]*log10(0.01*x)+[2]*pow(log10(0.01*x),2)+[3]*pow(log10(0.01*x),3) Correction L5Flavor}
  -5.2  -3.2  6 30  163     0.060609    -0.11775    0.068972      0.3203 
  -3.2  -3.0  6 30  199      0.07846    -0.13357  -0.0052784     0.49327 
  -3.0  -2.5  6 30  326     0.094655    -0.11486   -0.086276      0.2339 
  -2.5  -1.9  6 30  585      0.11235    -0.10235    -0.13876     0.16069 
  -1.9  -1.3  6 30 1015      0.12953   -0.077113    -0.16734     0.17097 
  -1.3  -0.0  6 30 2000      0.14402   -0.047144    -0.16547     0.11006 
   0.0   1.3  6 30 2000      0.14402   -0.047144    -0.16547     0.11006 
   1.3   1.9  6 30 1015      0.12953   -0.077113    -0.16734     0.17097 
   1.9   2.5  6 30  585      0.11235    -0.10235    -0.13876     0.16069 
   2.5   3.0  6 30  326     0.094655    -0.11486   -0.086276      0.2339 
   3.0   3.2  6 30  199      0.07846    -0.13357  -0.0052784     0.49327 
   3.2   5.2  6 30  163     0.060609    -0.11775    0.068972      0.3203 
[zlljet_c]
{1 JetEta 1 JetPt [0]+[1]*log10(0.01*x)+[2]*pow(log10(0.01*x),2)+[3]*pow(log10(0.01*x),3) Correction L5Flavor}
  -5.2  -3.2  6 30  163     0.066165   -0.013373    0.064901     0.13135 
  -3.2  -3.0  6 30  199     0.067334   -0.065543     0.10322     0.24458 
  -3.0  -2.5  6 30  326     0.084073  -0.0099748   -0.053742    0.010009 
  -2.5  -1.9  6 30  585     0.089109   -0.023574   -0.053723    0.079162 
  -1.9  -1.3  6 30 1015     0.093641   -0.014027   -0.048737    0.092963 
  -1.3  -0.0  6 30 2000     0.099992   0.0070955   -0.056437    0.037954 
   0.0   1.3  6 30 2000     0.099992   0.0070955   -0.056437    0.037954 
   1.3   1.9  6 30 1015     0.093641   -0.014027   -0.048737    0.092963 
   1.9   2.5  6 30  585     0.089109   -0.023574   -0.053723    0.079162 
   2.5   3.0  6 30  326     0.084073  -0.0099748   -0.053742    0.010009 
   3.0   3.2  6 30  199     0.067334   -0.065543     0.10322     0.24458 
   3.2   5.2  6 30  163     0.066165   -0.013373    0.064901     0.13135 
[zlljet_b]
{1 JetEta 1 JetPt [0]+[1]*log10(0.01*x)+[2]*pow(log10(0.01*x),2)+[3]*pow(log10(0.01*x),3) Correction L5Flavor}
  -5.2  -3.2  6 30  163     0.035907   -0.049181    0.037315      0.3206 
  -3.2  -3.0  6 30  199     0.049679   -0.035291    -0.21606    0.050125 
  -3.0  -2.5  6 30  326     0.047055   -0.044315   -0.069319     0.10064 
  -2.5  -1.9  6 30  585     0.054916   -0.035342   -0.059579     0.10796 
  -1.9  -1.3  6 30 1015     0.059905    -0.01298   -0.048293    0.055253 
  -1.3  -0.0  6 30 2000     0.066281   0.0098657   -0.065681    0.032763 
   0.0   1.3  6 30 2000     0.066281   0.0098657   -0.065681    0.032763 
   1.3   1.9  6 30 1015     0.059905    -0.01298   -0.048293    0.055253 
   1.9   2.5  6 30  585     0.054916   -0.035342   -0.059579     0.10796 
   2.5   3.0  6 30  326     0.047055   -0.044315   -0.069319     0.10064 
   3.0   3.2  6 30  199     0.049679   -0.035291    -0.21606    0.050125 
   3.2   5.2  6 30  163     0.035907   -0.049181    0.037315      0.3206 
[zlljet_g]
{1 JetEta 1 JetPt [0]+[1]*log10(0.01*x)+[2]*pow(log10(0.01*x),2)+[3]*pow(log10(0.01*x),3) Correction L5Flavor}
  -5.2  -3.2  6 30  163      0.42599    -0.28238    -0.28498   0.0049387 
  -3.2  -3.0  6 30  199      0.36279    -0.17174   -0.072131      0.1125 
  -3.0  -2.5  6 30  326      0.31781    -0.07886      0.2115    -0.21998 
  -2.5  -1.9  6 30  585      0.27159    -0.10405     0.32823    -0.20674 
  -1.9  -1.3  6 30 1015      0.23012    -0.12872     0.50602    -0.35456 
  -1.3  -0.0  6 30 2000      0.20372      -0.135      0.5902     -0.3525 
   0.0   1.3  6 30 2000      0.20372      -0.135      0.5902     -0.3525 
   1.3   1.9  6 30 1015      0.23012    -0.12872     0.50602    -0.35456 
   1.9   2.5  6 30  585      0.27159    -0.10405     0.32823    -0.20674 
   2.5   3.0  6 30  326      0.31781    -0.07886      0.2115    -0.21998 
   3.0   3.2  6 30  199      0.36279    -0.17174   -0.072131      0.1125 
   3.2   5.2  6 30  163      0.42599    -0.28238    -0.28498   0.0049387 
[zlljet_oth]
{1 JetEta 1 JetPt [0]+[1]*log10(0.01*x)+[2]*pow(log10(0.01*x),2)+[3]*pow(log10(0.01*x),3) Correction L5Flavor}
  -5.2  -3.2  6 30  163    0.0037452   -0.055136     0.18382     0.44997 
  -3.2  -3.0  6 30  199   0.00072085   -0.017008     0.33401     0.37977 
  -3.0  -2.5  6 30  326   0.00097991   -0.013943    0.052466    0.032338 
  -2.5  -1.9  6 30  585   0.00019038  -0.0019707    0.015541  -0.0067651 
  -1.9  -1.3  6 30 1015   0.00022385   -0.001595    0.004323 -0.00045885 
  -1.3  -0.0  6 30 2000   7.9255e-05  -0.0007954   0.0043303  -0.0088398 
   0.0   1.3  6 30 2000   7.9255e-05  -0.0007954   0.0043303  -0.0088398 
   1.3   1.9  6 30 1015   0.00022385   -0.001595    0.004323 -0.00045885 
   1.9   2.5  6 30  585   0.00019038  -0.0019707    0.015541  -0.0067651 
   2.5   3.0  6 30  326   0.00097991   -0.013943    0.052466    0.032338 
   3.0   3.2  6 30  199   0.00072085   -0.017008     0.33401     0.37977 
   3.2   5.2  6 30  163    0.0037452   -0.055136     0.18382     0.44997 
[gamjet_ud]
{1 JetEta 1 JetPt [0]+[1]*log10(0.01*x)+[2]*pow(log10(0.01*x),2)+[3]*pow(log10(0.01*x),3) Correction L5Flavor}
  -5.2  -3.2  6 40  244      0.37777     0.13684    -0.65346     0.16211 
  -3.2  -3.0  6 40  298      0.46618    -0.12527     0.39557    -0.95085 
  -3.0  -2.5  6 40  489      0.51473    0.029799    0.098777    -0.35369 
  -2.5  -1.9  6 40  878      0.57914     0.12593    -0.09666   -0.043181 
  -1.9  -1.3  6 40 1522      0.61881     0.11394   0.0071794   -0.058001 
  -1.3  -0.0  6 40 3000      0.63206     0.12278    0.051411   -0.055161 
   0.0   1.3  6 40 3000      0.63206     0.12278    0.051411   -0.055161 
   1.3   1.9  6 40 1522      0.61881     0.11394   0.0071794   -0.058001 
   1.9   2.5  6 40  878      0.57914     0.12593    -0.09666   -0.043181 
   2.5   3.0  6 40  489      0.51473    0.029799    0.098777    -0.35369 
   3.0   3.2  6 40  298      0.46618    -0.12527     0.39557    -0.95085 
   3.2   5.2  6 40  244      0.37777     0.13684    -0.65346     0.16211 
[gamjet_s]
{1 JetEta 1 JetPt [0]+[1]*log10(0.01*x)+[2]*pow(log10(0.01*x),2)+[3]*pow(log10(0.01*x),3) Correction L5Flavor}
  -5.2  -3.2  6 40  244     0.017962   -0.041545   -0.087832     0.34255 
  -3.2  -3.0  6 40  298     0.024401   -0.052301   -0.032649     0.15609 
  -3.0  -2.5  6 40  489      0.02934   -0.027856   0.0043499   -0.014592 
  -2.5  -1.9  6 40  878      0.04093   -0.041525   -0.013937    0.018111 
  -1.9  -1.3  6 40 1522     0.045098   -0.030759   -0.032163    0.025294 
  -1.3  -0.0  6 40 3000     0.052928   -0.030235   -0.033637     0.02403 
   0.0   1.3  6 40 3000     0.052928   -0.030235   -0.033637     0.02403 
   1.3   1.9  6 40 1522     0.045098   -0.030759   -0.032163    0.025294 
   1.9   2.5  6 40  878      0.04093   -0.041525   -0.013937    0.018111 
   2.5   3.0  6 40  489      0.02934   -0.027856   0.0043499   -0.014592 
   3.0   3.2  6 40  298     0.024401   -0.052301   -0.032649     0.15609 
   3.2   5.2  6 40  244     0.017962   -0.041545   -0.087832     0.34255 
[gamjet_c]
{1 JetEta 1 JetPt [0]+[1]*log10(0.01*x)+[2]*pow(log10(0.01*x),2)+[3]*pow(log10(0.01*x),3) Correction L5Flavor}
  -5.2  -3.2  6 40  244     0.059997    -0.11802   -0.051689     0.43232 
  -3.2  -3.0  6 40  298     0.079552   -0.066147    -0.19856     0.22061 
  -3.0  -2.5  6 40  489      0.11182    -0.10705    -0.15975     0.16584 
  -2.5  -1.9  6 40  878      0.12802    -0.13626   -0.039606    0.054295 
  -1.9  -1.3  6 40 1522      0.14398    -0.11436   -0.082869    0.071442 
  -1.3  -0.0  6 40 3000      0.16572    -0.10416    -0.10039    0.074834 
   0.0   1.3  6 40 3000      0.16572    -0.10416    -0.10039    0.074834 
   1.3   1.9  6 40 1522      0.14398    -0.11436   -0.082869    0.071442 
   1.9   2.5  6 40  878      0.12802    -0.13626   -0.039606    0.054295 
   2.5   3.0  6 40  489      0.11182    -0.10705    -0.15975     0.16584 
   3.0   3.2  6 40  298     0.079552   -0.066147    -0.19856     0.22061 
   3.2   5.2  6 40  244     0.059997    -0.11802   -0.051689     0.43232 
[gamjet_b]
{1 JetEta 1 JetPt [0]+[1]*log10(0.01*x)+[2]*pow(log10(0.01*x),2)+[3]*pow(log10(0.01*x),3) Correction L5Flavor}
  -5.2  -3.2  6 40  244    0.0084828   -0.023185    0.018138    0.026669 
  -3.2  -3.0  6 40  298    0.0067352   -0.020616     0.14656    -0.21212 
  -3.0  -2.5  6 40  489     0.017141   0.0013594   -0.092672    0.085077 
  -2.5  -1.9  6 40  878     0.017844   -0.014794   -0.015533    0.013226 
  -1.9  -1.3  6 40 1522     0.020444   -0.018345  -0.0065757   0.0072111 
  -1.3  -0.0  6 40 3000     0.023845   -0.014634   -0.016043    0.011553 
   0.0   1.3  6 40 3000     0.023845   -0.014634   -0.016043    0.011553 
   1.3   1.9  6 40 1522     0.020444   -0.018345  -0.0065757   0.0072111 
   1.9   2.5  6 40  878     0.017844   -0.014794   -0.015533    0.013226 
   2.5   3.0  6 40  489     0.017141   0.0013594   -0.092672    0.085077 
   3.0   3.2  6 40  298    0.0067352   -0.020616     0.14656    -0.21212 
   3.2   5.2  6 40  244    0.0084828   -0.023185    0.018138    0.026669 
[gamjet_g]
{1 JetEta 1 JetPt [0]+[1]*log10(0.01*x)+[2]*pow(log10(0.01*x),2)+[3]*pow(log10(0.01*x),3) Correction L5Flavor}
  -5.2  -3.2  6 40  244      0.38543     0.22353    -0.38551    0.016143 
  -3.2  -3.0  6 40  298      0.29667     0.39843    -0.05807    -0.23561 
  -3.0  -2.5  6 40  489       0.2333     0.24662     0.14991    -0.11962 
  -2.5  -1.9  6 40  878      0.17284     0.14967     0.12801   -0.065398 
  -1.9  -1.3  6 40 1522      0.12533     0.11104    0.064617   -0.031901 
  -1.3  -0.0  6 40 3000     0.090205    0.054517    0.086188   -0.053008 
   0.0   1.3  6 40 3000     0.090205    0.054517    0.086188   -0.053008 
   1.3   1.9  6 40 1522      0.12533     0.11104    0.064617   -0.031901 
   1.9   2.5  6 40  878      0.17284     0.14967     0.12801   -0.065398 
   2.5   3.0  6 40  489       0.2333     0.24662     0.14991    -0.11962 
   3.0   3.2  6 40  298      0.29667     0.39843    -0.05807    -0.23561 
   3.2   5.2  6 40  244      0.38543     0.22353    -0.38551    0.016143 
[gamjet_oth]
{1 JetEta 1 JetPt [0]+[1]*log10(0.01*x)+[2]*pow(log10(0.01*x),2)+[3]*pow(log10(0.01*x),3) Correction L5Flavor}
  -5.2  -3.2  6 40  244      0.16029    -0.20704     0.51708     0.22353 
  -3.2  -3.0  6 40  298      0.11511   -0.031009     -0.4803      1.0115 
  -3.0  -2.5  6 40  489     0.089049    -0.11469  -0.0035864     0.16708 
  -2.5  -1.9  6 40  878     0.059737   -0.075649      0.0285    0.024931 
  -1.9  -1.3  6 40 1522     0.045299    -0.04896    0.022688  0.00075323 
  -1.3  -0.0  6 40 3000     0.034925   -0.026043   0.0086407 -0.00045884 
   0.0   1.3  6 40 3000     0.034925   -0.026043   0.0086407 -0.00045884 
   1.3   1.9  6 40 1522     0.045299    -0.04896    0.022688  0.00075323 
   1.9   2.5  6 40  878     0.059737   -0.075649      0.0285    0.024931 
   2.5   3.0  6 40  489     0.089049    -0.11469  -0.0035864     0.16708 
   3.0   3.2  6 40  298      0.11511   -0.031009     -0.4803      1.0115 
   3.2   5.2  6 40  244      0.16029    -0.20704     0.51708     0.22353 
[dijet_ud]
{1 JetEta 1 JetPt [0]+[1]*log10(0.01*x)+[2]*pow(log10(0.01*x),2)+[3]*pow(log10(0.01*x),3) Correction L5Flavor}
  -5.2  -3.2  6 20  163      0.60854     0.45633    -0.22468     0.53554 
  -3.2  -3.0  6 20  199      0.50219     0.58222    -0.12006     0.19991 
  -3.0  -2.5  6 20  326      0.41997     0.55984    0.032481   -0.066645 
  -2.5  -1.9  6 20  585      0.31791     0.47125     0.14898      -0.147 
  -1.9  -1.3  6 20 1015      0.23918     0.35448     0.16476    -0.12824 
  -1.3  -0.0  6 20 2000      0.17149      0.1941    0.097658   -0.047609 
   0.0   1.3  6 20 2000      0.17149      0.1941    0.097658   -0.047609 
   1.3   1.9  6 20 1015      0.23918     0.35448     0.16476    -0.12824 
   1.9   2.5  6 20  585      0.31791     0.47125     0.14898      -0.147 
   2.5   3.0  6 20  326      0.41997     0.55984    0.032481   -0.066645 
   3.0   3.2  6 20  199      0.50219     0.58222    -0.12006     0.19991 
   3.2   5.2  6 20  163      0.60854     0.45633    -0.22468     0.53554 
[dijet_s]
{1 JetEta 1 JetPt [0]+[1]*log10(0.01*x)+[2]*pow(log10(0.01*x),2)+[3]*pow(log10(0.01*x),3) Correction L5Flavor}
  -5.2  -3.2  6 20  163     0.027354   -0.019819    -0.03801    0.058528 
  -3.2  -3.0  6 20  199     0.033814  -0.0091487   -0.053313    0.045234 
  -3.0  -2.5  6 20  326     0.036973   -0.014959   -0.046773    0.039363 
  -2.5  -1.9  6 20  585     0.040106   -0.011231   -0.039059    0.027183 
  -1.9  -1.3  6 20 1015     0.043638  -0.0035366    -0.03734    0.022227 
  -1.3  -0.0  6 20 2000     0.044624   0.0053705   -0.028976    0.014443 
   0.0   1.3  6 20 2000     0.044624   0.0053705   -0.028976    0.014443 
   1.3   1.9  6 20 1015     0.043638  -0.0035366    -0.03734    0.022227 
   1.9   2.5  6 20  585     0.040106   -0.011231   -0.039059    0.027183 
   2.5   3.0  6 20  326     0.036973   -0.014959   -0.046773    0.039363 
   3.0   3.2  6 20  199     0.033814  -0.0091487   -0.053313    0.045234 
   3.2   5.2  6 20  163     0.027354   -0.019819    -0.03801    0.058528 
[dijet_c]
{1 JetEta 1 JetPt [0]+[1]*log10(0.01*x)+[2]*pow(log10(0.01*x),2)+[3]*pow(log10(0.01*x),3) Correction L5Flavor}
  -5.2  -3.2  6 20  163     0.016432   -0.011691   -0.025902    0.017171 
  -3.2  -3.0  6 20  199      0.02359   -0.014482    -0.04666    0.031716 
  -3.0  -2.5  6 20  326     0.026894   -0.013329   -0.041289    0.029248 
  -2.5  -1.9  6 20  585     0.030247  -0.0099219   -0.033392    0.021307 
  -1.9  -1.3  6 20 1015     0.033824  -0.0050495   -0.030086    0.017991 
  -1.3  -0.0  6 20 2000     0.035607   0.0025011   -0.023876    0.012244 
   0.0   1.3  6 20 2000     0.035607   0.0025011   -0.023876    0.012244 
   1.3   1.9  6 20 1015     0.033824  -0.0050495   -0.030086    0.017991 
   1.9   2.5  6 20  585     0.030247  -0.0099219   -0.033392    0.021307 
   2.5   3.0  6 20  326     0.026894   -0.013329   -0.041289    0.029248 
   3.0   3.2  6 20  199      0.02359   -0.014482    -0.04666    0.031716 
   3.2   5.2  6 20  163     0.016432   -0.011691   -0.025902    0.017171 
[dijet_b]
{1 JetEta 1 JetPt [0]+[1]*log10(0.01*x)+[2]*pow(log10(0.01*x),2)+[3]*pow(log10(0.01*x),3) Correction L5Flavor}
  -5.2  -3.2  6 20  163     0.006781  -0.0067401   -0.012891    0.014374 
  -3.2  -3.0  6 20  199     0.011279   -0.011739   -0.025297    0.027244 
  -3.0  -2.5  6 20  326     0.013029  -0.0069129   -0.023084     0.01763 
  -2.5  -1.9  6 20  585     0.015945  -0.0047255   -0.022437    0.014645 
  -1.9  -1.3  6 20 1015     0.018182  -0.0012056   -0.020808    0.011937 
  -1.3  -0.0  6 20 2000     0.020865    0.003236    -0.01889    0.010022 
   0.0   1.3  6 20 2000     0.020865    0.003236    -0.01889    0.010022 
   1.3   1.9  6 20 1015     0.018182  -0.0012056   -0.020808    0.011937 
   1.9   2.5  6 20  585     0.015945  -0.0047255   -0.022437    0.014645 
   2.5   3.0  6 20  326     0.013029  -0.0069129   -0.023084     0.01763 
   3.0   3.2  6 20  199     0.011279   -0.011739   -0.025297    0.027244 
   3.2   5.2  6 20  163     0.006781  -0.0067401   -0.012891    0.014374 
[dijet_g]
{1 JetEta 1 JetPt [0]+[1]*log10(0.01*x)+[2]*pow(log10(0.01*x),2)+[3]*pow(log10(0.01*x),3) Correction L5Flavor}
  -5.2  -3.2  6 20  163      0.31161    -0.31304    -0.39911     0.43355 
  -3.2  -3.0  6 20  199      0.39612     -0.2828    -0.70017     0.55636 
  -3.0  -2.5  6 20  326      0.46857    -0.29121    -0.54412     0.42093 
  -2.5  -1.9  6 20  585      0.56489    -0.25067    -0.47918     0.33189 
  -1.9  -1.3  6 20 1015      0.63156     -0.1581     -0.4305     0.26417 
  -1.3  -0.0  6 20 2000      0.69716   -0.034414    -0.33966     0.17332 
   0.0   1.3  6 20 2000      0.69716   -0.034414    -0.33966     0.17332 
   1.3   1.9  6 20 1015      0.63156     -0.1581     -0.4305     0.26417 
   1.9   2.5  6 20  585      0.56489    -0.25067    -0.47918     0.33189 
   2.5   3.0  6 20  326      0.46857    -0.29121    -0.54412     0.42093 
   3.0   3.2  6 20  199      0.39612     -0.2828    -0.70017     0.55636 
   3.2   5.2  6 20  163      0.31161    -0.31304    -0.39911     0.43355 
[dijet_oth]
{1 JetEta 1 JetPt [0]+[1]*log10(0.01*x)+[2]*pow(log10(0.01*x),2)+[3]*pow(log10(0.01*x),3) Correction L5Flavor}
  -5.2  -3.2  6 20  163     0.040264    -0.20713     0.63122    -0.51802 
  -3.2  -3.0  6 20  199     0.047263    -0.25996     0.56705    -0.32714 
  -3.0  -2.5  6 20  326     0.035973    -0.20531     0.40027    -0.22121 
  -2.5  -1.9  6 20  585     0.039837    -0.14696     0.20711   -0.092186 
  -1.9  -1.3  6 20 1015     0.028141     -0.1322      0.2079    -0.09648 
  -1.3  -0.0  6 20 2000    0.0095202    -0.11677     0.28472    -0.18129 
   0.0   1.3  6 20 2000    0.0095202    -0.11677     0.28472    -0.18129 
   1.3   1.9  6 20 1015     0.028141     -0.1322      0.2079    -0.09648 
   1.9   2.5  6 20  585     0.039837    -0.14696     0.20711   -0.092186 
   2.5   3.0  6 20  326     0.035973    -0.20531     0.40027    -0.22121 
   3.0   3.2  6 20  199     0.047263    -0.25996     0.56705    -0.32714 
   3.2   5.2  6 20  163     0.040264    -0.20713     0.63122    -0.51802 
